2.55883
2.83085
1.73152
3.0648
1.91029
4.71767
3.68925
2.20461
3.7907
4.21368
3.03977
11.8708
4.53695
2.40673
2.73095
1.78114
2.16886
4.95524
3.47408
5.03419
2.55883
2.83085
1.73152
3.0648
1.91029
4.71767
3.68925
2.20461
3.7907
4.21368
3.03977
11.8708
4.53695
2.40673
2.73095
1.78114
2.16886
4.95524
3.47408
5.03419
2.29932
3.4449
6.34185
2.34972
3.21262
3.08738
7.60056
2.34215
2.89275
4.9921
2.42475
2.12274
2.46026
2.08266
3.40787
7.73596
3.13335
1.83155
2.74006
7.43672
2.20422
2.24039
3.26793
2.87422
2.57873
4.46828
5.23079
3.87707
5.83202
1.48442
2.68218
4.383
3.05444
2.27379
2.55264
2.02882
3.43397
2.47814
2.18163
4.01922
6.47111
3.82711
2.91086
3.43907
2.5905
2.61477
3.31105
3.45428
2.97947
4.27734
3.28602
5.19569
2.68755
2.9089
2.68969
3.62474
2.65585
3.17685
2.89395
3.10954
2.3741
2.45788
1.80919
2.53121
4.12208
2.89623
2.84902
2.94708
2.23334
3.27128
4.24913
3.95088
3.89143
2.58535
3.08322
2.254
2.41286
2.37396
2.42877
2.62693
2.55883
2.83085
1.73152
3.0648
1.91029
4.71767
3.68925
2.20461
3.7907
4.21368
3.03977
11.8708
4.53695
2.40673
2.73095
1.78114
2.16886
4.95524
3.47408
5.03419
2.29932
3.4449
6.34185
2.34972
3.21262
3.08738
7.60056
2.34215
2.89275
4.9921
2.42475
2.12274
2.46026
2.08266
3.40787
7.73596
3.13335
1.83155
2.74006
7.43672
2.20422
2.24039
3.26793
2.87422
2.57873
4.46828
5.23079
3.87707
5.83202
1.48442
2.68218
4.383
3.05444
2.27379
2.55264
2.02882
3.43397
2.47814
2.18163
4.01922
6.47111
3.82711
2.91086
3.43907
2.5905
2.61477
3.31105
3.45428
2.97947
4.27734
3.28602
5.19569
2.68755
2.9089
2.68969
3.62474
2.65585
3.17685
2.89395
3.10954
2.3741
2.45788
1.80919
2.53121
4.12208
2.89623
2.84902
2.94708
2.23334
3.27128
4.24913
3.95088
3.89143
2.58535
3.08322
2.254
2.41286
2.37396
2.42877
2.62693
3.80779
3.17102
3.20606
4.1205
3.54444
3.4436
2.85089
2.64309
3.30955
2.14154
1.78159
2.89956
2.76183
2.44642
2.19649
2.19932
2.37404
2.57745
1.84476
3.9906
4.74087
6.42981
2.62183
2.62567
2.3919
2.58097
4.60623
3.33504
2.25475
2.94198
6.42087
2.47953
3.03544
2.92175
2.22733
4.66341
3.52329
1.63498
3.31733
3.79464
2.43767
2.57749
2.12823
3.77026
3.04985
2.78955
3.20458
6.33762
4.05082
1.75943
2.12886
1.86317
5.38013
3.35154
2.11973
3.32658
12.2024
2.72347
2.68898
3.45385
3.56385
2.13302
3.48376
4.48719
4.20345
4.33741
3.21733
1.98209
1.6512
3.60404
2.23494
2.26355
2.86729
3.07947
5.80952
3.56177
4.16786
2.8327
2.97019
3.65269
2.00079
4.02134
2.46181
2.56728
2.09983
2.35947
4.51067
2.89892
5.19058
3.94754
2.06144
3.70006
3.78149
3.26951
2.35222
3.25572
5.70451
4.09983
2.70689
2.91166
2.30245
3.62449
2.82818
3.19127
2.59482
2.09197
2.99627
4.28501
1.9376
5.59712
4.68278
6.03955
5.4278
2.93969
2.08267
4.47633
2.6039
5.73307
4.0074
2.70184
2.94111
3.30114
3.40959
2.85576
2.15798
2.76141
3.37905
4.26057
2.71937
2.52838
2.53685
2.86982
3.51707
2.24908
2.17618
2.49462
2.08718
2.63448
2.72645
2.83149
4.4145
3.89828
2.92345
2.26676
3.56324
2.68
3.94486
3.19227
2.88409
2.93488
2.00084
3.60493
2.77949
2.8438
4.46388
3.6776
4.18305
4.19919
2.83573
3.90773
3.29753
5.25344
1.89426
1.8956
2.48186
3.08324
2.14752
1.85107
1.6299
2.77494
3.43171
4.8338
2.04775
2.19289
2.81589
1.82039
5.89003
2.05702
3.51147
2.74814
3.82987
3.46223
1.62171
2.36682
2.81809
10.7355
4.17795
2.27056
5.26769
2.00639
3.42502
3.89923
1.95191
2.47941
2.38226
2.24703
1.94429
1.75153
3.55184
3.56081
1.90087
2.86696
4.11416
1.97526
2.44669
2.78686
2.30852
1.82919
2.34946
1.9182
3.5051
2.47758
2.03322
2.93758
2.39212
2.89429
2.74133
2.28523
5.8221
3.5035
2.76678
2.68207
3.71503
5.59242
3.40636
4.22073
2.51468
3.36566
5.02931
1.84723
3.13252
3.30007
2.53373
2.92871
1.92722
1.71076
2.67979
3.1738
1.98988
5.16065
4.09781
2.30445
2.93488
3.24045
4.29962
2.12115
3.86167
2.99329
2.59231
2.26407
2.37651
7.20835
1.82771
3.18137
2.37022
2.74977
3.62755
4.32067
4.4193
1.54833
4.65422
2.65579
2.13953
4.99295
3.22285
3.08075
5.14339
3.17225
4.7473
3.01928
2.20478
2.00904
6.26843
3.75861
2.8152
3.34142
4.02612
3.19878
2.23255
2.68361
3.86512
2.85921
3.33315
2.94538
2.53914
3.19696
2.70173
3.82711
2.71542
1.96737
3.3196
6.26176
3.87742
3.09188
3.17185
2.5963
2.21271
3.15143
2.26122
4.02078
4.97409
2.25651
2.37545
3.17116
4.76973
3.62088
3.05696
2.95413
5.11815
3.96036
2.37097
2.53742
5.99457
2.80388
2.06329
2.00084
2.01659
2.48805
2.53589
3.33493
5.05272
2.9198
3.69367
1.82133
3.94509
2.37444
1.58946
4.08868
2.8475
1.71351
2.17283
2.67429
3.13902
2.95304
2.55206
3.62154
2.53476
2.1479
3.48095
3.96116
1.98559
3.84204
1.85369
2.18559
2.71845
3.53837
3.36359
2.0059
1.93884
3.92326
3.32941
4.22779
6.75418
3.09563
2.99663
2.49044
1.99143
3.6255
4.69044
2.29679
5.19569
2.24384
2.54871
2.83212
6.21578
3.79568
3.22113
2.0899
2.38512
2.71545
5.17439
2.35979
2.83531
5.02545
2.242
1.86717
2.99518
2.88219
3.51582
4.88204
2.38502
3.07121
3.12285
3.02721
4.5039
2.20983
4.40584
3.16926
2.26414
4.72212
2.94115
2.56092
2.22162
2.8086
1.94226
3.04026
1.52275
2.7092
1.97295
3.12504
2.49382
3.83519
2.9521
2.8676
4.04776
2.60194
3.41321
1.82416
2.93323
2.04268
2.93187
3.28526
2.04884
3.12116
2.61371
3.07127
3.19549
3.01466
4.59928
3.04769
1.93293
2.30681
5.08748
4.6189
2.68545
4.06942
3.12603
3.27485
2.36308
2.22335
1.89017
2.59231
1.80661
3.22737
2.82362
3.93672
4.50666
3.31568
2.27256
2.49736
3.61347
2.21007
2.72645
2.57775
2.1648
2.50614
2.11357
2.80038
4.46388
5.41283
5.51673
2.53708
3.75984
4.67623
4.06445
5.69817
1.81178
2.40243
2.25224
1.51795
2.27626
2.7708
2.30637
3.149
2.84792
3.68194
3.31693
3.96679
2.20845
2.58252
2.79037
3.17751
2.83112
3.17116
4.60154
2.91609
3.69171
2.26256
2.83484
2.05567
1.87446
2.49958
2.53982
5.37688
2.02359
5.24704
1.73525
3.47738
1.89743
2.11954
2.2285
5.01204
1.99927
3.16536
2.32742
2.26692
3.6461
2.99118
2.9454
4.80098
2.94212
3.65956
4.18836
2.08367
2.82111
2.93041
1.84271
2.24546
2.37404
3.45874
2.72957
2.70443
3.30097
2.10435
3.12012
4.05241
1.74879
1.9345
3.66903
2.55958
2.81922
2.8735
1.73012
4.47771
1.42321
4.81099
3.07933
3.68436
8.05137
7.76401
3.18978
4.21764
3.25989
3.03214
3.53714
4.20248
4.30278
4.25773
3.83677
5.14271
2.3369
1.96757
2.48047
2.73139
2.64967
2.05447
2.85537
3.84425
2.44998
3.65579
2.08263
1.31817
5.4259
1.94232
2.568
2.143
2.52067
2.24742
4.58755
2.61589
3.41222
2.34569
1.88791
1.31313
5.98445
3.76252
2.51397
3.0921
2.35778
2.34468
4.85806
2.49872
3.96762
2.82604
3.48577
2.43114
3.06241
3.43847
2.64489
1.7399
1.69192
4.10453
2.77983
2.55044
3.12366
3.09098
3.15844
2.7269
2.27851
3.23914
2.08671
3.03824
1.7482
2.40357
3.6121
3.3744
3.00175
4.37119
2.99005
2.63316
