4.72709
2.97219
1.40241
1.29828
1.19559
5.36678
3.78328
11.1801
1.554
1.74859
4.0224
1.37526
7.44094
1.86409
2.18417
5.46806
2.34959
3.00538
3.05869
1.62126
4.72709
2.97219
1.40241
1.29828
1.19559
5.36678
3.78328
11.1801
1.554
1.74859
4.0224
1.37526
7.44094
1.86409
2.18417
5.46806
2.34959
3.00538
3.05869
1.62126
1.1156
8.92545
6.08442
2.73627
0.896912
13.816
2.27265
9.77963
1.5256
7.49846
3.75048
12.4988
2.95243
6.00813
2.92703
10.2164
1.90644
14.3035
1.80616
7.72817
2.12019
1.8089
0.976935
0.992778
1.69455
2.46674
0.701321
1.10696
1.21687
1.44258
0.9252
1.67223
1.63116
4.83486
1.05057
10.7818
4.76732
3.06711
1.57746
2.9608
0.818337
8.07135
6.73153
4.32697
3.77082
4.41853
2.58844
2.98821
1.87107
1.27747
3.86757
1.22791
4.65476
1.13075
4.63344
3.76561
8.07648
2.56395
2.5834
5.214
6.05844
4.07583
12.2586
4.87708
4.06748
22.5103
2.43065
5.41428
1.33485
6.70118
3.60961
4.1056
1.04267
2.58213
2.24384
5.87936
3.17521
2.93911
4.14858
4.25706
4.72709
2.97219
1.40241
1.29828
1.19559
5.36678
3.78328
11.1801
1.554
1.74859
4.0224
1.37526
7.44094
1.86409
2.18417
5.46806
2.34959
3.00538
3.05869
1.62126
1.1156
8.92545
6.08442
2.73627
0.896912
13.816
2.27265
9.77963
1.5256
7.49846
3.75048
12.4988
2.95243
6.00813
2.92703
10.2164
1.90644
14.3035
1.80616
7.72817
2.12019
1.8089
0.976935
0.992778
1.69455
2.46674
0.701321
1.10696
1.21687
1.44258
0.9252
1.67223
1.63116
4.83486
1.05057
10.7818
4.76732
3.06711
1.57746
2.9608
0.818337
8.07135
6.73153
4.32697
3.77082
4.41853
2.58844
2.98821
1.87107
1.27747
3.86757
1.22791
4.65476
1.13075
4.63344
3.76561
8.07648
2.56395
2.5834
5.214
6.05844
4.07583
12.2586
4.87708
4.06748
22.5103
2.43065
5.41428
1.33485
6.70118
3.60961
4.1056
1.04267
2.58213
2.24384
5.87936
3.17521
2.93911
4.14858
4.25706
2.76852
6.25284
4.20881
1.84486
1.84275
1.50981
1.38568
1.59421
1.76533
7.05817
2.09941
2.20428
5.42985
2.07376
1.61287
3.63611
1.63723
11.3001
2.32983
4.77402
1.87459
2.25726
8.39505
4.07762
3.39736
8.24242
4.21949
11.6845
2.52691
3.88989
3.64103
2.11035
2.6481
1.85388
2.41327
1.55552
1.22208
4.61824
1.41464
9.18092
11.0209
1.12938
2.8434
12.5967
2.95017
2.74926
2.05292
7.20099
1.73995
1.72863
1.91487
1.86259
2.57853
2.25776
2.14885
4.02552
10.6618
8.52328
0.766437
1.79964
10.1759
1.78836
3.25731
0.970752
2.79317
1.70465
4.01153
2.00773
2.05128
1.78836
10.1119
3.93489
1.24216
0.6666
3.7131
3.44887
1.86568
1.62994
3.26632
1.47081
0.990499
3.77077
2.30784
4.2905
1.4417
2.07242
2.79256
1.66025
2.46563
3.30893
5.51039
7.01006
10.8634
5.5652
1.13481
3.23198
2.5712
3.6606
6.71505
1.1558
2.01538
4.78822
5.25022
8.14662
1.41984
5.44072
11.5823
3.78288
7.00563
3.41376
0.595704
3.8888
6.11537
7.57443
5.07992
2.03042
2.25681
6.58931
7.54109
2.38631
2.08451
3.56032
2.88174
1.67838
2.99958
2.23917
5.04327
2.87807
2.27527
0.700498
3.00352
5.18281
1.00893
4.58716
9.24965
4.79891
2.9272
3.06438
9.78335
3.4073
6.44097
2.96349
1.731
4.27138
8.76942
8.45411
1.65621
2.25613
11.7636
2.70709
7.1628
2.70382
2.38264
1.5474
4.61995
0.611345
6.46366
0.775499
1.12293
3.26847
4.89071
1.77689
2.2811
5.42559
2.95886
2.80902
3.17075
5.17172
0.79705
5.22295
8.14642
3.78636
4.72634
2.26874
12.0442
1.92164
4.85256
2.25921
3.19754
1.29449
1.10243
7.43827
10.4297
4.87193
3.27334
2.27896
4.1545
2.16362
2.01829
5.16035
4.26524
4.25017
0.47958
2.2358
13.4572
6.0568
1.88347
2.47173
4.84401
6.00524
1.76396
1.87628
1.00388
1.80614
1.59626
2.32063
2.61825
1.02681
1.59002
0.947062
0.818337
3.93124
7.18236
1.33131
2.78518
1.53878
1.33935
5.84613
3.10884
2.9715
1.67402
3.54398
3.00539
7.18286
2.7467
1.38204
1.90569
1.04781
2.86127
4.74015
3.82021
6.43661
3.4491
8.84209
1.67973
7.61305
1.88393
3.83676
2.61251
1.61947
0.958405
2.80519
6.4807
9.26409
2.07386
9.99301
0.528264
11.629
1.27675
2.60589
5.33919
2.4078
5.37256
3.19332
1.64152
18.2904
2.31021
2.00485
1.14698
3.9567
4.17392
3.49103
0.959763
1.62161
1.65682
3.81467
3.65866
12.0046
2.61746
4.93807
2.18769
5.77977
15.2596
3.41995
7.01497
2.58524
7.10969
2.92237
8.45164
0.845492
5.80421
7.14719
5.12137
4.08056
4.22431
1.27525
15.2281
1.95438
2.25732
0.992778
3.64329
3.09233
4.84305
4.51125
6.39929
3.70757
2.55884
1.86516
10.576
2.66564
1.86056
0.630388
2.75689
12.6317
4.14858
1.67845
3.19861
1.37455
8.6573
3.11895
0.808481
1.54105
3.14479
4.13361
0.614253
6.00964
2.51467
1.74235
5.02025
1.7563
1.47326
1.51725
9.47835
4.65636
7.6981
1.49405
6.24229
4.61896
1.98913
16.4148
1.58803
1.85155
10.2248
2.76337
3.63576
4.1486
2.09777
1.65367
1.4426
3.29053
1.49677
6.41407
1.5071
5.35786
3.69696
14.2829
2.26253
3.59818
1.95402
1.12861
2.74263
1.95405
1.265
5.0561
1.69536
3.62671
3.19148
0.802311
5.50226
0.911569
5.62784
6.75447
1.04173
5.17885
2.08376
1.82657
1.00893
1.85452
3.1398
3.38961
2.89404
9.64897
4.32475
1.74551
2.5908
5.41934
2.02113
3.87996
4.75047
6.67041
6.76816
6.7811
2.66677
3.91452
2.46137
19.7593
1.0682
4.01572
3.07094
1.30409
6.3202
1.43084
1.77585
16.0182
1.99409
4.54106
2.13952
2.61748
1.20213
3.95457
1.80651
3.262
7.08757
6.101
4.9294
3.30875
2.28429
2.67475
7.07505
3.18829
1.03672
4.09565
10.9315
1.66111
1.93035
1.00928
2.79594
0.535885
3.47473
2.79562
4.45832
8.50421
2.58318
7.561
3.73713
3.74948
0.643603
4.25673
1.47419
4.19129
1.72204
2.56011
5.41428
5.36854
3.56461
2.6198
2.1527
2.94391
11.8107
13.1806
2.43125
3.27334
1.93017
1.00679
7.80517
2.42305
1.30066
1.94171
1.15651
1.8384
1.97338
1.61769
1.52747
1.28542
2.93433
6.45196
2.52964
3.45391
5.86345
3.38314
5.48749
3.62959
2.0122
4.17203
15.3579
1.28648
12.294
13.0434
6.49229
3.84502
5.53993
4.51279
2.05654
1.4473
6.88719
2.31773
4.14424
2.49644
3.70645
3.49279
1.82403
1.40212
5.00292
2.82034
8.0163
10.3925
1.77694
2.98124
12.3415
1.25998
3.05402
6.18948
8.06018
1.52729
2.90149
5.4405
4.38962
2.09339
2.03235
3.60542
10.1119
6.78307
1.27525
1.2451
6.91934
2.25057
1.63471
2.33421
9.19814
4.25724
2.66524
5.85698
4.83614
1.45963
1.85871
5.3506
5.88596
3.99332
1.172
1.36939
3.2234
7.21876
2.13088
1.18294
12.5482
1.82532
12.3583
1.23854
1.70603
3.36085
10.3996
2.26074
7.99995
2.2432
4.25555
2.65727
0.831723
2.84531
2.18417
4.48935
2.5611
0.591273
2.82976
7.38954
11.0424
0.989254
5.69556
5.05037
4.4962
2.25984
0.778951
2.43587
1.78565
0.999946
8.7019
2.50043
3.28119
3.82318
2.31709
7.37802
2.54376
8.30517
9.08061
3.01804
7.08853
7.36102
0.458467
11.9227
1.67495
5.25474
2.45436
2.52059
3.05365
9.61091
6.07403
3.99069
2.40602
9.46086
0.7948
1.6722
9.91149
1.05315
6.60077
4.22221
6.92556
0.873314
3.72729
3.58331
4.87551
1.33485
4.9874
13.5203
1.92087
2.74016
3.04531
1.57376
12.7311
7.87213
11.6463
1.12296
