0.671401
0.951194
1.98309
3.50896
2.91093
1.2815
2.1092
7.61215
1.65773
2.42658
1.44945
3.55389
3.48423
1.02636
1.60316
1.86411
2.45552
3.3159
7.58248
2.67297
2.91244
2.06952
6.98978
2.22711
1.44253
1.75844
1.18864
1.17332
2.8719
1.62129
1.27876
1.42866
3.17323
1.77068
2.05861
5.5158
3.37221
1.57675
0.620297
1.05695
2.58936
1.52447
1.8006
2.68315
1.72947
1.44683
1.25394
1.13913
3.75991
0.75964
2.59479
1.30364
2.05839
0.445357
3.31442
0.502886
2.07094
1.45625
0.891043
3.10264
3.45656
8.21995
4.85702
5.40019
2.09163
1.5968
1.68428
4.66413
1.35272
2.03044
1.28114
0.980007
3.25974
0.772743
3.41288
1.2861
1.05376
1.21779
1.67663
3.82174
1.71297
1.47482
1.47801
1.23987
1.98905
3.01273
2.6027
4.06241
2.17065
5.18171
1.08429
7.62087
6.71192
8.62521
1.35818
1.05197
6.57152
3.18998
1.22899
4.39216
5.03003
1.30277
0.799141
1.52556
2.11114
2.6361
1.03451
1.53908
1.64641
1.69807
1.97169
2.17606
1.44474
2.53134
2.09199
0.946971
1.38735
2.4768
1.92138
6.6816
1.05939
3.39375
2.88232
4.2853
3.01322
2.37755
3.02414
1.54635
1.73386
1.20629
2.55622
2.73181
1.47981
4.32758
2.37174
2.91821
2.52208
4.21946
0.505661
1.634
1.78019
4.31276
1.96117
8.20706
3.42963
2.4326
8.60515
1.20678
1.35609
1.68814
1.71402
2.98619
4.14172
1.42763
2.95136
0.494115
2.11772
2.17127
2.31777
1.67599
2.12752
2.60684
5.27017
4.06079
2.20182
9.23255
0.915161
3.29795
3.66069
1.48998
1.4666
5.42251
2.52444
1.37914
2.17621
1.28864
3.02274
1.74696
1.24176
2.33413
4.50583
1.93631
2.42028
2.48282
1.58012
1.14843
3.39459
2.125
6.53379
2.24008
4.40874
1.74907
1.16798
2.0288
3.25075
0.554089
1.40264
1.46647
2.22337
0.560808
3.91392
1.14472
1.16748
1.99427
1.30873
0.84925
3.78966
2.01864
2.91247
0.831921
9.80048
2.30174
0.815291
0.50647
4.92811
3.04775
4.11447
1.46194
1.79157
1.61801
1.7019
4.58373
1.41132
2.42312
4.5937
1.79387
1.90477
4.03505
1.46111
1.65558
0.719571
3.15888
4.19356
1.8248
3.79587
1.06668
1.91153
3.33821
1.79248
0.768284
1.72033
4.9564
2.92785
1.3456
3.43847
2.56999
3.53258
2.1092
3.35081
2.25688
1.49931
0.880702
1.31255
1.2559
2.25908
3.27371
2.228
7.0122
1.55549
9.74961
2.78974
3.39459
2.94098
0.697699
1.14991
0.704692
1.96204
0.694729
2.11887
1.88619
2.66837
4.56913
1.28411
4.42021
1.02859
1.77068
0.598588
1.48454
0.671401
1.23719
1.62572
3.52697
7.1015
2.50807
1.30166
1.24442
2.21975
3.70055
4.29445
1.48189
0.882329
1.81046
5.05082
1.40749
2.85363
3.77312
3.5582
5.49089
3.57257
8.48902
3.64664
1.46595
1.60405
1.79921
5.10656
2.31875
1.47199
1.71686
3.31923
1.59813
2.53237
0.935109
1.68262
1.75979
4.83148
1.34809
1.66637
1.06797
0.890544
1.85291
0.984912
2.63276
6.66837
3.01805
2.47278
0.991088
2.73869
2.90475
1.7334
1.63033
4.78655
6.50163
1.87803
2.42517
2.19469
3.33768
1.38747
1.13654
2.62651
2.4326
0.454635
2.71677
1.2161
6.41477
1.21601
1.33094
1.66226
0.817942
3.32307
3.30372
3.67885
1.56926
2.09041
2.22983
6.30226
1.1499
1.63446
1.87073
1.84204
1.80501
1.10453
3.0598
2.01378
5.75876
6.11213
3.09949
2.7468
3.33573
0.931812
0.926172
1.28039
3.57639
0.87285
2.51014
1.23609
3.80555
6.43208
0.77069
1.14267
0.915324
2.40814
3.27948
1.24535
0.689758
6.59564
1.50836
2.1166
1.61639
2.27689
1.12869
1.22076
1.36314
0.994142
2.96762
3.93878
1.7461
2.04223
4.59355
0.896143
2.02108
1.73647
0.740763
1.28533
2.31988
1.35875
0.914991
1.13331
5.72493
7.69445
1.8248
1.76597
2.14206
2.28816
0.891398
0.60627
4.0538
2.62585
0.775543
1.65586
1.35337
3.71871
0.932427
1.94305
1.3207
2.54507
1.14409
2.00049
2.40676
1.63225
1.92683
8.98489
0.950326
1.15211
1.37288
1.14815
2.2939
1.60687
1.79964
4.51779
2.08876
2.08847
2.68418
1.94606
1.12947
1.8435
2.98559
1.57458
0.946174
0.702854
0.537167
5.93384
1.37632
1.89981
2.91304
2.37597
1.17356
3.90345
1.54635
5.32874
2.00251
4.61224
2.40052
1.34282
1.50905
1.05497
1.91682
1.28567
3.51566
1.78943
1.13557
3.54174
3.10205
5.215
2.41476
7.64214
3.80341
2.62057
1.22883
1.15923
2.08084
2.85994
2.28973
1.12526
2.20602
1.06331
0.559064
0.998031
2.05312
6.17907
1.00927
2.15572
2.02329
6.05581
5.41722
3.20061
2.62333
6.32333
1.55706
2.68318
7.41299
4.4112
3.60056
0.803828
1.08767
0.957408
3.45026
1.18475
0.718411
4.23122
1.07252
1.93732
2.32767
2.22169
5.25919
0.781546
1.25371
1.66192
1.07007
2.09042
2.67312
2.90112
5.75885
8.15581
1.62975
2.34683
1.82742
3.47925
2.77635
1.43599
11.8432
1.7713
1.42649
1.82908
2.79337
1.42415
5.71817
11.0076
1.56884
1.36553
0.272816
1.41368
2.48282
1.36596
1.44855
0.78772
1.35456
0.797189
1.5733
2.42771
1.14172
1.41006
2.01987
1.80925
7.58065
3.48126
6.26135
0.743761
3.72059
0.846576
4.06974
3.95225
4.90777
2.04022
2.25835
0.915554
2.75484
2.59246
2.34287
1.55873
1.17283
3.23814
0.853223
0.945296
1.66013
2.67469
0.88876
3.01659
1.34667
3.19899
1.92778
1.84734
0.872324
1.546
7.96447
1.56249
0.680717
2.08982
5.72438
2.22106
2.35617
4.72259
2.69207
1.30669
2.37739
1.33918
5.84802
1.6637
2.02034
1.4881
3.28524
1.68984
1.9851
0.477951
1.52543
1.41244
0.925551
1.75356
2.38486
1.46075
2.93006
2.16384
6.06492
1.42566
2.47785
4.69901
1.74656
2.0288
2.55206
3.57836
1.18717
7.25137
1.98023
2.04188
1.73511
2.10999
2.48654
2.74343
4.06241
0.824137
2.96048
0.423606
1.15923
1.06803
2.30517
2.22739
1.0046
1.52235
2.43233
1.76063
1.97837
0.947692
0.827497
1.66159
3.90282
1.58318
5.92956
0.673874
1.02428
14.3499
1.62457
2.14274
2.29794
2.30373
5.92846
1.11068
1.68049
1.80738
2.83164
1.9938
2.30378
2.90928
2.13308
2.51981
1.23008
1.8554
0.482262
2.36921
1.15096
0.41817
1.23651
1.30362
0.684271
2.42326
5.67268
1.55904
2.05457
1.61355
1.14367
1.81859
3.65529
2.13534
0.822799
3.26235
1.9163
1.19183
1.52717
1.38314
3.97267
1.1852
1.10151
1.45613
1.71224
6.56783
1.70849
3.69758
4.20216
0.672483
1.51128
1.42146
2.41243
1.01
1.21647
3.4287
1.73508
1.78591
1.98166
1.34972
5.17258
1.05257
1.46021
8.0511
2.56643
2.35046
1.07808
2.65736
1.59603
1.97088
3.14861
2.8
1.11417
1.56417
1.47164
2.99224
1.80907
1.88981
2.74379
2.00262
1.53235
4.56155
1.72697
4.14864
2.61252
2.41168
2.84308
1.2789
3.92348
2.71618
6.02181
2.33898
1.45446
3.37889
4.38884
0.846592
3.94456
3.69774
10.8016
0.815669
1.0582
5.03913
3.21064
3.97371
3.12071
4.49041
5.66348
3.90905
6.0434
0.874644
3.05699
1.23723
2.77496
1.16071
1.74624
4.14498
2.47871
2.88017
3.12456
0.713922
2.34424
0.535531
0.884331
1.30436
6.11213
1.81479
1.15823
0.771038
7.56832
2.14794
1.05214
0.877848
11.2939
5.69461
1.05118
4.83427
2.78096
2.02912
2.64351
2.61965
1.39693
6.70953
0.818178
1.16637
1.06335
1.4626
2.89577
1.39095
1.4626
0.868864
2.30532
1.40512
3.76002
2.32594
1.44873
7.34114
4.89478
1.6909
2.17019
3.40843
1.98948
2.32791
2.05
2.27428
1.3462
4.46443
1.70085
4.57789
2.6361
0.714092
3.55701
0.936522
1.26815
2.02435
1.7405
1.2928
3.43397
2.30457
3.82177
3.68982
1.19959
3.02574
1.4626
0.904491
4.25236
5.67336
0.707233
1.52741
1.79741
6.57138
1.70239
1.80964
2.51688
3.63206
1.7192
3.17846
3.23765
0.587949
4.26784
1.28173
6.41527
4.41197
2.24142
2.84199
2.9747
2.74872
2.33762
2.78869
1.33006
1.00448
3.13765
2.12965
2.347
1.15814
0.945296
1.46974
1.08335
1.98167
1.46257
1.20724
0.626629
2.54019
1.48243
1.79854
2.03301
0.912411
3.03349
8.0734
2.03678
1.13224
5.53969
6.3599
1.52963
1.27358
3.21289
1.27494
20.302
1.91987
1.39393
2.6361
3.47795
1.99868
1.3958
2.10897
1.58247
2.37346
1.39288
1.56921
4.31962
3.49911
1.6416
1.68262
1.6379
1.30258
3.33887
1.14751
2.75613
0.829567
3.9198
2.00886
1.37446
0.799723
1.33084
1.66511
2.847
2.06706
4.52572
4.18693
3.81598
1.27494
2.27462
1.13697
0.978558
2.01538
4.30391
1.56752
5.36074
3.83474
1.35851
0.836848
1.41823
6.84489
0.671121
1.91255
1.49683
3.09253
1.67466
0.857937
3.24576
2.49498
1.20728
0.818918
0.929565
1.66505
1.08012
1.52953
1.80654
1.20569
1.21952
3.11818
1.86536
2.09121
1.12763
2.95524
0.858951
1.38781
1.80738
1.94001
0.836052
2.347
2.3032
2.47129
1.15149
1.73386
1.38181
2.71324
1.51693
1.06869
0.710051
1.4243
0.736885
2.36921
1.06688
1.81701
1.09735
1.32274
1.54634
2.9101
0.974201
2.21438
5.0935
1.15853
0.751832
2.63522
3.66771
2.56334
1.52713
0.509956
1.45694
1.24856
6.53379
1.59589
5.53051
0.783363
3.94456
1.37043
1.52362
2.95718
1.22603
3.38696
2.78654
1.05708
1.20453
