
3.67938
2.1698
3.27672
3.26366
3.29641
2.90573
2.29943
7.8453
2.40349
4.04853
2.35138
1.91019
2.25742
3.0694
2.70394
2.81016
1.93498
4.22031
2.80937
2.50183
2.79094
3.81128
3.21714
3.94957
2.1153
2.36721
3.77828
3.08274
2.15911
4.60941
3.2043
2.88796
4.54457
3.45376
2.89653
2.42737
4.01321
2.54947
3.04745
5.15956
4.2799
1.77113
2.93258
2.21734
2.15733
3.63824
2.83362
3.43586
5.14271
4.3924
2.73035
6.31419
2.64819
1.92722
3.06449
3.05454
2.30085
1.82165
2.74795
2.74509
2.85876
2.27786
2.5443
3.56639
2.87846
3.64845
5.62061
3.17116
3.62281
6.95934
1.74621
3.28767
2.14478
2.64253
2.39622
4.22865
2.99876
3.18221
1.89763
3.06217
2.14849
2.66653
2.00834
2.62988
6.03702
3.23853
2.41068
2.52945
3.89352
3.21584
1.59424
3.02003
2.80202
1.67683
2.95126
3.49837
2.46978
4.20314
2.35419
2.4126
4.15257
2.53645
6.06648
3.42489
2.19757
6.34247
5.81761
4.43428
2.54125
4.47759
3.40186
3.25371
4.48766
2.34362
5.20845
3.03877
3.36256
3.05073
2.08541
2.28417
2.87678
3.07524
5.49222
1.88355
2.84207
3.29381
3.85586
4.89676
2.73184
5.8155
2.53772
5.66068
1.72785
9.15784
3.6331
3.47366
2.37976
2.53189
3.1825
2.1831
3.07778
2.53357
3.33126
2.80586
2.89476
3.72797
6.75407
2.04811
2.85373
1.98249
4.0787
2.94971
2.3843
3.08586
2.14015
3.18579
2.51282
2.61763
3.81914
2.98149
4.69441
2.15733
1.72271
2.69665
4.35005
2.86777
4.65486
3.40908
2.83863
2.62487
4.05241
3.19576
2.30654
4.28905
3.96887
3.77582
2.30811
1.85605
3.23161
3.01208
3.19576
2.15228
3.04087
2.08912
2.56192
2.51458
6.68676
3.51144
3.9291
4.74965
3.07111
2.09598
2.63758
3.06434
3.05135
2.56276
3.40985
2.47471
2.42764
2.05838
7.6988
2.07546
4.5247
1.58929
3.82652
2.48877
2.86344
2.36564
2.91433
2.15099
1.82827
1.58466
2.82977
2.19865
5.829
2.11528
2.4622
3.30069
2.48805
3.10241
7.77954
3.27028
6.52102
2.13868
3.76554
2.04768
2.05368
4.44487
4.47936
2.44945
3.43875
2.29045
2.96993
1.93772
1.94837
1.98262
2.34916
2.3901
4.07156
1.9436
2.09524
2.47307
2.15602
3.21155
3.01673
2.2411
2.80662
2.12765
4.48331
1.745
3.93713
3.06154
2.89723
2.6943
3.29337
4.99498
3.28217
2.63406
2.77473
2.02813
3.88633
2.13136
4.76678
3.34622
3.3006
4.31818
3.69317
2.43261
2.8966
3.2908
3.69299
4.22782
3.21583
2.98505
1.72683
2.63377
2.93722
3.9789
4.36494
2.67641
2.0219
1.72603
2.57126
2.25409
4.23474
3.43745
3.65533
2.72905
4.67953
3.22156
2.05205
2.50736
3.12773
2.38053
3.26791
2.97494
1.49241
2.29755
2.19238
3.53085
2.08766
2.01685
4.33277
2.64441
2.7496
4.90272
2.75121
2.73734
2.92397
2.63943
2.29548
2.54369
2.23676
5.99041
3.60795
4.81584
3.87941
4.01751
2.1372
5.51673
2.49588
2.34287
2.95871
5.50445
1.98905
2.59798
2.71087
3.06378
2.14578
5.09662
3.11745
2.59028
2.70719
2.30122
3.18802
2.34382
4.65422
2.88559
2.95627
2.71697
3.68735
3.57874
2.2353
2.98295
2.55255
2.19894
5.11762
2.82344
2.28618
5.17586
3.71271
3.50273
2.83675
1.88192
4.89491
1.87672
1.82259
3.02115
2.93371
2.34909
4.03055
2.15336
2.94777
1.92696
4.0089
2.33807
2.76907
4.44282
6.0361
5.06224
1.92264
2.75587
2.38441
4.23993
3.60148
4.47839
2.15191
3.00311
2.62798
2.8272
2.80004
4.35943
2.9048
1.76418
2.05328
3.17008
2.85727
3.47454
3.24631
4.23034
2.70215
2.61297
3.24444
2.89192
2.12912
2.36725
3.56112
2.32655
2.89657
3.11207
1.79248
2.72632
2.56728
3.21549
2.92186
2.77152
3.94261
2.43903
2.31213
5.00504
4.75154
8.19448
2.5959
6.85656
4.70641
3.52503
2.52664
3.76656
2.79419
2.83616
3.61908
3.53513
1.66735
1.90046
3.52339
2.20757
3.24749
3.26319
1.90894
3.4568
3.48451
1.79499
2.24531
3.50639
4.81938
4.20536
2.20889
1.82797
4.45128
3.48354
4.7939
6.2561
1.7891
2.57156
3.34023
1.7089
4.0003
4.61288
2.97772
4.29257
3.20926
5.40742
2.10435
3.32673
3.02407
4.86802
3.30554
2.31826
3.0781
2.45924
3.02707
4.5025
2.93783
2.75445
1.80095
2.24886
2.50432
3.02215
1.84511
2.17005
3.37447
5.30245
3.76061
3.96781
2.11769
5.06774
2.78297
2.54874
3.5353
2.40634
2.07432
2.87267
2.46482
2.91078
3.68018
3.41614
1.83344
7.06976
4.33408
3.09563
4.82174
1.66901
2.98828
3.88515
3.16351
4.90235
5.85275
3.3891
2.63441
2.64173
