
0.815775
6.05852
4.13912
6.35068
1.59623
2.8753
7.08757
2.1561
6.67843
6.82132
2.28329
4.06962
1.86356
0.976187
7.9988
7.7986
1.25707
6.26943
2.7991
1.19853
6.37754
3.04101
2.88026
1.74324
2.08365
5.46596
1.15239
8.36733
2.467
1.29327
3.14541
7.15753
1.27253
1.43507
4.48506
7.54518
3.22516
8.29157
2.45113
4.65835
3.00263
2.53875
3.55244
4.44424
4.36438
4.4587
1.36856
0.886031
1.38113
1.52277
3.32383
2.66816
1.73704
1.60191
4.83709
4.31016
6.25523
1.15186
4.37467
1.51035
2.38977
3.17785
7.93052
1.61793
9.78205
19.4804
0.754776
1.26971
1.73656
2.25895
3.99597
6.16215
7.20216
4.2248
4.25825
3.2658
6.83482
10.2824
1.18996
2.44294
2.34223
2.49563
3.81738
1.03911
3.03195
1.44359
6.60809
2.35445
1.08068
7.08212
3.31041
1.40779
2.41072
2.28774
11.0903
1.84816
1.68982
0.885396
2.631
1.8288
2.52752
2.74517
3.82472
1.46937
2.52922
2.033
9.62065
1.55116
7.01055
2.10346
3.87683
3.37729
2.89452
4.56071
1.19978
0.733017
4.17391
14.2721
1.56325
1.15709
5.33229
2.59435
2.59792
0.980259
5.57919
15.0386
3.79148
1.71429
2.18162
4.43555
3.42854
6.30189
4.25331
4.81461
2.52425
8.80091
2.69619
3.86356
3.72086
2.18904
1.72835
5.79647
6.99707
5.54621
4.688
2.72797
0.618137
1.85615
7.37633
3.28572
1.6521
1.41486
3.58274
2.07342
0.946181
2.95299
9.83523
1.1289
2.14632
0.811158
2.8268
1.57595
5.02071
2.04935
7.49475
0.917405
1.79899
1.49311
3.22107
3.12843
1.98261
7.2967
2.34536
3.37029
5.24494
7.44478
1.63424
4.03852
3.98923
5.04691
4.01993
4.26495
3.4939
8.35074
4.34056
1.98678
2.22909
3.08535
2.17995
13.7301
1.41486
3.29776
6.82627
2.36084
1.70746
5.16647
7.58074
6.44454
2.50853
3.28057
2.60884
20.8414
4.93671
3.27619
14.8149
1.19853
5.30186
4.94233
4.01214
3.22503
3.74439
1.04418
4.37448
11.8681
1.3752
0.707471
1.33792
2.32699
2.93697
0.952721
4.92278
1.19445
6.60359
4.99083
1.70026
5.63763
3.75283
3.85867
4.89393
1.50688
3.56875
3.31177
1.76723
2.46225
3.80478
10.7724
2.14874
12.2847
4.33943
6.0154
6.39764
3.46802
22.524
3.69194
6.60939
7.0297
2.17686
2.45012
13.4425
2.02037
6.14522
4.19999
3.14437
1.00291
3.05512
3.64391
1.04658
1.66338
5.36824
4.31762
2.93533
4.77554
13.4737
2.00288
7.0322
1.32641
1.16492
3.83988
1.9558
2.32378
4.32418
11.6426
2.84515
6.6534
2.79648
3.65043
7.30036
4.96464
4.22684
4.96962
10.1164
2.66558
0.586262
8.62498
0.908999
3.36213
1.69545
3.01175
2.02633
4.61152
1.75485
0.845594
0.73708
1.21875
3.35335
0.936657
1.45582
1.63111
1.48836
1.1409
6.48614
1.59601
2.08158
11.9259
2.55941
6.07466
2.08617
3.6123
6.67789
1.82378
3.07932
7.49901
4.09715
8.06578
3.24825
2.26314
6.27825
5.86029
5.33308
1.41417
12.255
2.25085
10.0283
7.66226
1.36357
10.7724
3.95351
3.53018
3.95693
1.23011
4.65636
2.94912
4.95603
22.524
1.18996
1.50022
2.67771
3.60912
1.85565
6.1307
3.79657
5.09598
2.70587
2.86391
3.53403
2.24304
1.92919
7.57232
7.07505
3.73737
0.42613
10.542
3.25731
1.34802
8.98651
4.99648
12.3973
3.39545
7.10777
2.56986
1.71372
6.18774
2.15671
2.96288
5.01885
4.11158
3.51308
1.63734
3.3563
3.23248
4.10087
1.19367
3.489
2.40453
1.23042
2.181
12.9719
5.8532
6.21024
2.38109
3.4589
3.70208
3.22518
2.43852
4.33356
2.65616
5.72438
1.24684
3.40209
4.72485
2.47177
11.6674
4.2536
1.92331
2.46304
1.4643
11.8573
5.71894
3.11513
1.47917
6.46092
3.19672
4.03161
1.82764
3.36835
3.50315
4.42405
3.28806
1.13988
0.950301
13.9039
5.21357
1.60495
7.15993
7.92717
9.7058
1.86022
1.15859
4.91124
1.37242
2.01247
3.09914
1.33579
0.93142
5.09176
3.31083
2.45339
1.76289
2.14479
1.8757
6.07462
16.2694
2.92647
5.17321
4.04951
5.09328
3.37467
1.51724
1.55968
1.78338
6.04745
1.79657
6.85491
2.80028
10.7862
5.5853
2.57419
4.75555
14.9914
2.48314
1.12257
9.57365
1.86791
1.66683
3.1388
1.05646
3.25191
8.37809
4.42806
2.91725
4.53809
1.47719
11.8668
4.15612
1.77025
3.0012
1.64207
8.49344
2.70594
3.97469
3.10927
5.60312
2.09326
1.1557
10.0022
6.46103
4.36743
2.3098
1.9625
1.76155
3.40158
7.9873
1.47992
10.8791
2.35222
4.01715
2.45783
3.0949
1.45479
12.6424
2.56567
1.26283
0.995314
0.971657
2.32756
3.7691
1.13613
3.68665
8.69157
1.20591
