9.3508
5.47326
7.4929
6.53258
5.03554
4.95821
7.11075
4.6867
6.18218
15.2842
3.57893
6.52129
4.83441
3.38238
5.2953
2.16371
10.319
7.96887
2.58936
4.67151
4.01428
6.39329
4.89071
11.1171
3.9795
4.80939
4.0578
4.24329
13.2296
6.95166
3.79488
8.65013
8.47506
4.1883
4.72775
5.33297
4.48982
4.62411
7.0288
13.2166
6.38746
8.62292
5.70778
3.89015
4.9586
4.43631
6.45987
9.84373
5.11531
4.44489
6.61178
6.90541
4.93176
5.79955
7.01498
2.49246
4.06786
4.9443
14.9847
5.10831
9.62324
5.20015
5.48836
5.02781
8.21924
9.49963
4.72748
15.8734
2.52241
9.34781
4.47843
4.47824
3.36716
5.08074
13.3798
3.72389
5.10568
4.44981
4.15944
4.9324
6.91504
3.50489
10.6082
3.13273
6.48318
4.70236
3.41767
10.0037
6.48615
3.34007
3.56144
3.86196
10.4567
4.80757
7.56266
4.15359
8.03657
3.97974
3.59371
3.94983
17.1779
4.05989
2.74958
4.95808
3.84626
5.46209
4.51252
3.80697
6.62278
8.90783
2.96958
4.11137
10.4567
3.63755
3.63808
6.85743
4.57008
6.16041
5.51439
5.22963
2.91799
5.97422
6.97949
4.60233
3.4215
6.02183
3.64265
9.44628
15.0821
4.02114
7.8401
12.2066
3.09075
10.0918
5.11378
4.099
6.57826
6.73648
8.9241
7.76629
4.04484
3.77996
5.00685
6.40815
5.40746
3.25394
2.35238
8.07681
8.02617
6.74259
5.87755
7.24106
3.03627
2.95997
3.06875
4.18104
5.50409
2.35647
6.00809
2.87556
4.51329
5.37017
5.62453
6.92099
4.11752
5.79976
5.85179
4.27622
4.26446
2.66698
6.03218
3.3258
5.12308
6.15603
5.27999
7.82113
4.77328
6.41553
9.6251
15.6798
4.9444
9.62783
3.50612
5.62458
4.82971
5.88297
4.21676
6.57721
8.04547
6.9276
2.99745
13.815
3.56434
4.89538
2.52613
9.00687
9.16327
7.05381
5.84844
5.33472
4.0291
4.82508
4.56969
3.97368
4.27993
4.62561
20.3386
9.0827
5.3081
4.04482
13.4421
5.0433
3.09218
6.5991
6.02655
6.55581
3.8638
3.49936
4.5534
3.70209
4.72047
3.2649
6.11509
5.09404
17.7079
3.32832
4.26362
4.33533
3.17683
3.91654
4.71492
28.1013
6.37492
6.8796
6.6447
5.84597
7.00703
8.82602
5.69756
6.35844
5.10465
2.54756
6.26163
7.47863
3.43176
2.86465
5.68495
5.2572
4.48656
3.72966
4.35965
4.05731
2.70601
2.94954
5.41756
3.70197
4.1921
6.50243
4.66147
2.44872
4.28481
4.24872
4.13414
6.42463
4.37173
13.1186
6.26316
7.69746
3.28085
3.62957
6.34076
6.36996
4.89111
4.2675
3.58969
20.6945
6.20637
6.16972
10.062
3.7939
11.8932
3.54825
10.8349
7.44254
4.29661
6.46711
3.32828
4.82788
8.19104
2.97676
4.9324
5.25114
5.02382
4.31232
5.92142
5.9753
7.49182
5.48731
5.07064
5.72211
8.64128
7.66177
12.9541
6.39329
3.03977
3.30778
3.45936
12.3761
6.71449
5.33969
5.18089
4.29516
3.01864
6.01375
7.39446
8.20519
4.06963
7.51297
8.74433
3.60082
3.80337
4.2322
5.47218
3.19975
3.43232
2.87104
8.53941
2.96553
4.12804
2.8089
3.44323
5.38996
5.68384
7.33553
4.54828
7.46517
6.22173
3.9598
5.63872
9.37536
2.63207
6.20884
3.74414
6.281
3.86811
3.51001
6.28483
3.86212
4.44035
5.66003
5.00469
3.53237
5.36809
9.22627
7.24327
8.97818
6.81101
6.69468
3.71303
3.54818
4.33629
11.5434
3.71688
6.87768
6.2106
6.21215
6.36969
4.33181
5.71819
4.45061
7.44825
3.91407
4.52439
3.89941
3.42394
3.46803
5.69261
4.35534
6.81393
4.93837
6.29103
8.42115
6.49972
4.4889
3.8144
15.9018
9.19338
7.13024
4.33898
5.24217
6.90663
2.95591
5.23483
5.6731
3.90567
5.08905
2.50011
4.70557
8.42421
6.4106
10.4574
6.49763
4.62683
4.14293
5.28084
10.9133
9.13313
9.38472
4.5556
7.01777
10.934
4.37582
4.29914
3.4508
6.52899
8.24039
12.6164
6.31057
10.8507
3.32832
7.45575
5.46194
4.13166
4.13928
3.92482
3.38101
8.37567
7.10054
12.7938
4.83835
4.87132
2.13635
10.2908
5.6878
3.71325
3.79488
4.48805
5.92562
5.96268
3.71014
2.59226
5.46445
4.22496
5.03411
8.8525
6.45375
4.88209
2.59449
4.4269
4.16144
9.40453
17.2131
3.89539
2.36619
3.25657
9.19194
8.1934
4.29366
4.57131
4.51914
9.52997
4.92707
5.41977
6.95153
4.60081
5.04839
3.3419
7.19697
4.88858
3.01294
7.2896
4.3705
3.64444
3.09247
4.15682
5.48903
2.35105
5.03468
4.83683
2.37309
6.63941
3.23285
14.6411
9.66303
4.4879
10.4588
4.09679
9.77365
8.54227
8.56598
10.9696
4.9431
3.88363
2.70065
4.90261
3.64243
3.74147
6.76932
4.31815
7.60136
4.20399
5.83126
5.91193
9.62047
3.33484
5.84884
3.64771
4.1274
4.57332
7.29606
4.95676
12.669
4.04501
8.44953
5.53777
3.88548
3.96251
8.02584
8.48536
3.81306
4.4287
5.9711
3.35458
8.62266
2.67655
5.96906
3.49537
4.66376
4.53698
5.95116
3.0978
6.21005
3.07657
6.56235
6.45543
7.54198
5.12908
3.97456
2.84327
3.84747
4.5935
8.75454
9.53274
11.6981
4.49727
7.84316
4.15669
8.96529
11.529
4.37672
7.81666
5.08607
4.45298
8.0407
7.75333
5.20521
5.44731
4.27914
10.6729
3.54838
4.20656
3.75687
4.80402
4.11103
4.04024
3.45901
9.66057
5.72024
6.56235
6.21656
6.40069
6.57543
4.99985
3.93545
16.9945
5.83126
7.82217
4.55024
9.09369
4.03331
4.85497
4.5378
4.5935
9.9658
3.20846
4.10195
5.45759
6.28152
3.76478
5.04699
4.6097
3.37765
5.32275
4.36908
3.81293
8.78229
5.21563
5.09946
9.0827
3.79742
2.99065
12.1139
4.55482
6.13564
6.28061
4.42378
6.43088
11.6548
3.16994
3.86759
3.13396
3.06229
7.8354
3.4714
5.21298
2.86351
6.08477
3.89665
2.60754
4.66014
20.0245
3.16031
14.9603
5.5011
13.3859
7.88057
4.62568
4.78567
7.1026
7.00666
2.75866
3.38318
10.3237
14.9016
5.58874
6.09451
8.13403
12.2289
11.6152
4.19423
5.69158
2.75197
4.25493
5.50857
5.18652
4.24133
7.64646
6.97723
4.00029
5.57415
5.69261
8.03042
5.01355
5.02199
5.19699
4.94908
4.66052
4.49402
6.43411
11.1053
3.33421
4.81374
6.15949
3.20951
5.30808
2.91603
6.11673
9.14014
8.53136
5.78086
9.98031
8.28494
6.60586
7.37622
5.47141
29.2154
9.13194
5.16911
2.95701
2.92413
4.68852
6.91603
3.67044
5.24025
5.29414
3.42911
6.72464
3.72496
3.75443
4.66048
5.32441
4.0824
8.60844
4.40183
10.8689
5.16814
3.56256
11.8946
4.24527
7.23888
8.41102
9.48527
5.22385
7.97687
4.64303
4.59547
7.95853
7.95886
3.63972
5.5528
3.14078
7.6453
9.02083
5.2768
3.92789
9.64249
5.33703
8.91668
5.79905
7.14364
10.0719
4.38458
3.34031
4.15068
6.60023
6.81638
4.33903
5.01636
6.92423
4.09711
7.40331
4.45762
4.9791
8.23497
4.32218
4.73487
6.98044
5.79367
4.38628
7.51297
3.65926
3.92521
4.84602
8.50446
7.58533
4.18088
4.06409
6.49496
7.76017
3.91216
5.76228
2.88313
5.06836
7.05061
7.45927
3.72584
5.032
2.63884
11.3653
4.99985
5.61933
4.5155
6.94813
7.47686
4.49889
4.77832
2.95664
4.77232
5.98216
8.74762
4.55586
5.06052
5.20568
2.33402
5.71616
8.12154
7.09431
4.52509
5.29571
6.10037
2.76107
8.64826
4.77453
4.99566
5.23042
4.05661
5.19188
8.9223
2.69591
7.43986
4.00378
10.2781
4.2744
6.43975
10.6902
4.20068
3.30627
14.5219
7.11014
6.55478
5.41597
6.43005
3.28641
4.66089
5.85818
4.18837
5.47444
5.29388
4.78728
4.17036
3.71014
4.7196
5.57414
8.91817
7.77391
7.66614
5.24863
5.30845
3.35633
4.8241
7.32491
3.69673
12.0315
6.40326
6.14303
3.56434
3.81971
4.17401
9.35415
4.72544
3.9512
4.009
6.05561
4.35355
7.34076
3.85517
3.45183
3.85818
5.83005
4.11984
5.57958
5.7692
3.3485
6.28634
11.5123
5.62595
4.27676
6.13232
5.80874
5.56368
3.9292
3.99478
5.55269
4.73447
4.05937
3.32832
5.14607
2.85212
5.84363
8.15557
3.68912
4.40605
5.36397
3.89026
4.77727
4.28177
3.86084
9.0161
6.2396
7.20428
7.47888
6.97922
6.03693
4.56177
4.22337
5.40693
6.10639
4.10089
4.18876
3.68817
6.23123
6.44693
10.3546
8.23969
6.49467
8.2631
10.7852
2.21093
3.9643
7.13856
4.49992
6.6653
5.72436
5.02577
10.5935
3.16239
7.29481
2.64812
8.29712
4.79001
16.7977
4.36289
6.68869
15.4846
2.67792
4.76527
3.99719
5.50164
6.93735
7.98587
7.99177
7.13203
5.77537
6.13564
4.0899
8.79299
6.59234
5.674
3.68686
2.94516
3.66987
4.30495
6.40401
3.55321
7.42753
5.69554
3.60244
16.3892
7.53548
8.65439
5.23055
4.27778
10.6144
7.61598
4.47832
2.36619
4.85953
4.33879
6.1611
4.73841
4.71377
5.14913
5.52186
5.06954
4.05268
4.10079
4.35233
5.10756
3.25174
5.29298
4.4693
7.35695
3.96944
3.61657
3.84788
6.40748
11.9126
14.716
4.3742
4.40522
5.41791
3.78398
4.47541
5.6692
5.22181
10.2022
5.67308
4.32573
11.0755
6.10394
8.12376
11.1127
2.82879
8.19105
3.39826
6.07209
4.21393
7.855
4.98001
8.32241
6.57721
5.53094
6.02604
3.48955
8.50404
4.31536
5.31634
3.28082
5.01529
5.23993
7.16037
2.27903
8.26168
4.90035
6.66984
5.76812
3.85311
8.27991
19.0699
11.8626
3.90902
9.90463
3.38514
7.23661
4.40761
4.02771
4.01271
4.15659
8.62546
