4.30016
2.91339
3.89209
6.531
6.027
4.08773
6.18785
10.1081
5.90388
2.7451
5.65763
2.55322
4.43823
4.43799
6.71459
8.64393
4.46362
2.41792
3.28645
5.25855
4.30016
2.91339
3.89209
6.531
6.027
4.08773
6.18785
10.1081
5.90388
2.7451
5.65763
2.55322
4.43823
4.43799
6.71459
8.64393
4.46362
2.41792
3.28645
5.25855
7.6027
3.56899
4.22663
5.61898
10.2999
5.21279
4.30634
5.78766
2.64532
6.55239
3.19313
4.98298
4.50801
5.86058
4.6141
3.00504
4.06842
12.0293
3.83736
4.94795
5.60202
14.338
3.96675
7.03156
10.3948
4.11505
2.6738
5.80805
3.67463
4.3356
6.38627
8.0232
3.14078
9.84464
2.59225
8.99826
6.29003
4.41527
5.76577
5.74397
4.52659
7.25543
4.85271
4.32218
3.21091
4.96938
8.78993
4.24749
8.47061
5.91648
3.30497
3.90654
6.971
4.20185
4.51189
8.50528
6.90462
5.3539
2.93576
4.93201
8.0145
3.87949
10.0618
6.52716
5.30978
7.78463
8.54305
4.48223
8.16801
4.63906
8.07823
5.48925
5.70977
5.75038
4.19765
5.21318
6.62009
13.4415
5.2426
2.89712
