4.72709
2.97219
1.40241
1.29828
1.19559
5.36678
3.78328
11.1801
1.554
1.74859
4.0224
1.37526
7.44094
1.86409
2.18417
5.46806
2.34959
3.00538
3.05869
1.62126
4.72709
2.97219
1.40241
1.29828
1.19559
5.36678
3.78328
11.1801
1.554
1.74859
4.0224
1.37526
7.44094
1.86409
2.18417
5.46806
2.34959
3.00538
3.05869
1.62126
1.1156
8.92545
6.08442
2.73627
0.896912
13.816
2.27265
9.77963
1.5256
7.49846
3.75048
12.4988
2.95243
6.00813
2.92703
10.2164
1.90644
14.3035
1.80616
7.72817
2.12019
1.8089
0.976935
0.992778
1.69455
2.46674
0.701321
1.10696
1.21687
1.44258
0.9252
1.67223
1.63116
4.83486
1.05057
10.7818
4.76732
3.06711
1.57746
2.9608
0.818337
8.07135
6.73153
4.32697
3.77082
4.41853
2.58844
2.98821
1.87107
1.27747
3.86757
1.22791
4.65476
1.13075
4.63344
3.76561
8.07648
2.56395
2.5834
5.214
6.05844
4.07583
12.2586
4.87708
4.06748
22.5103
2.43065
5.41428
1.33485
6.70118
3.60961
4.1056
1.04267
2.58213
2.24384
5.87936
3.17521
2.93911
4.14858
4.25706
