2.55883
2.83085
1.73152
3.0648
1.91029
4.71767
3.68925
2.20461
3.7907
4.21368
3.03977
11.8708
4.53695
2.40673
2.73095
1.78114
2.16886
4.95524
3.47408
5.03419
2.55883
2.83085
1.73152
3.0648
1.91029
4.71767
3.68925
2.20461
3.7907
4.21368
3.03977
11.8708
4.53695
2.40673
2.73095
1.78114
2.16886
4.95524
3.47408
5.03419
2.29932
3.4449
6.34185
2.34972
3.21262
3.08738
7.60056
2.34215
2.89275
4.9921
2.42475
2.12274
2.46026
2.08266
3.40787
7.73596
3.13335
1.83155
2.74006
7.43672
2.20422
2.24039
3.26793
2.87422
2.57873
4.46828
5.23079
3.87707
5.83202
1.48442
2.68218
4.383
3.05444
2.27379
2.55264
2.02882
3.43397
2.47814
2.18163
4.01922
6.47111
3.82711
2.91086
3.43907
2.5905
2.61477
3.31105
3.45428
2.97947
4.27734
3.28602
5.19569
2.68755
2.9089
2.68969
3.62474
2.65585
3.17685
2.89395
3.10954
2.3741
2.45788
1.80919
2.53121
4.12208
2.89623
2.84902
2.94708
2.23334
3.27128
4.24913
3.95088
3.89143
2.58535
3.08322
2.254
2.41286
2.37396
2.42877
2.62693
