2.12958
1.0161
0.801096
1.63784
3.1094
1.79278
0.977771
1.77552
2.17012
3.31308
1.56307
2.68474
1.07796
0.88825
1.82181
1.17482
2.22521
7.32569
2.68802
3.37734
2.12958
1.0161
0.801096
1.63784
3.1094
1.79278
0.977771
1.77552
2.17012
3.31308
1.56307
2.68474
1.07796
0.88825
1.82181
1.17482
2.22521
7.32569
2.68802
3.37734
2.76956
1.07839
1.50548
3.45702
7.55734
4.07456
1.82586
1.4294
4.23663
1.80958
1.48261
1.31753
2.00449
0.623178
1.93771
1.66648
2.49795
0.496582
1.33773
1.42898
3.70603
5.02912
6.23116
5.58342
2.17184
0.817252
7.75747
11.2078
2.85994
1.05506
5.52793
4.68355
4.18125
5.15882
2.52444
1.14283
2.6674
1.45958
2.07217
1.28578
2.07068
4.03464
1.06131
2.05529
1.40921
1.11453
0.835881
1.33424
6.2125
1.7698
4.10123
9.55585
1.40302
4.02798
2.49415
1.8697
0.810841
2.66633
0.987747
1.00259
2.01481
2.80051
0.799403
1.34582
2.78261
0.348986
0.85642
0.924149
2.63786
2.05664
5.53158
4.43495
7.41299
3.01975
2.66837
0.946886
1.52192
9.30949
2.27564
1.09089
